camera_link_pitch_joint: 1.568582808045707
camera_link_roll_joint: 1.730535489026094
camera_link_x_joint: 0.2217094381157653
camera_link_y_joint: 0.1855575320990074
camera_link_yaw_joint: -2.971251960515872
camera_link_z_joint: 1.232882827878164