# rgbd_depth_correction calibration file
version: 2
d1: -3.873374932063654
d2: 3.449637431046022