# rgbd_depth_correction calibration file
version: 1
d1: -1.506564692812914
d2: 1.63663260261862