camera_link_pitch_joint: 1.29449526238187
camera_link_roll_joint: 0.694299233310935
camera_link_x_joint: 0.449175682548949
camera_link_y_joint: -0.0856067381900574
camera_link_yaw_joint: 2.28903774098365
camera_link_z_joint: 1.09839248616856
