camera_link_pitch_joint: 1.469042578892795
camera_link_roll_joint: 1.771025680884695
camera_link_x_joint: 0.3644147062911616
camera_link_y_joint: 0.2040452619306145
camera_link_yaw_joint: -2.944296547501117
camera_link_z_joint: 1.458682169873227