camera_link_pitch_joint: 1.50993242802232
camera_link_roll_joint: 2.697796325976709
camera_link_x_joint: 0.2223280834419799
camera_link_y_joint: 0.4270371827138482
camera_link_yaw_joint: -2.016477530137093
camera_link_z_joint: 1.245732349490588